[-72.23475876166667, 45.363788451666665],
[-72.23475894333333, 45.363788805],
[-72.23475913833333, 45.363789225],
[-72.23475935, 45.363789653333335],
[-72.23475948333333, 45.363790116666664],
[-72.23475975833334, 45.36379059666667],
[-72.23475998, 45.363790985],
[-72.234760215, 45.36379140333333],
[-72.23476049, 45.36379181],
[-72.23476075666666, 45.36379226166667],
[-72.23476100333333, 45.363792688333334],
[-72.23476129166667, 45.36379308],
[-72.234761595, 45.363793468333334],
[-72.23476192166666, 45.36379389],
[-72.2347622, 45.363794305],
[-72.23476250666667, 45.36379470833333],
[-72.23476281, 45.36379511333333],
[-72.23476312833333, 45.363795493333335],
[-72.23476349666667, 45.363795896666666],
[-72.23476380833333, 45.36379632333333],
[-72.23476414166667, 45.363796711666666],
[-72.23476445, 45.363797076666664],
[-72.234764755, 45.363797471666665],
[-72.23476513333334, 45.363797831666666],
[-72.23476553833333, 45.36379818166667],
[-72.234765895, 45.36379860666667],
[-72.23476627666666, 45.36379898],
[-72.23476664333333, 45.363799461666666],
[-72.23476694833333, 45.363799895],
[-72.23476719333334, 45.363800381666664],
[-72.23476742833333, 45.363800848333334],
[-72.23476765833334, 45.36380132833333],
[-72.234767935, 45.363801796666664],
[-72.23476824666666, 45.363802275],
[-72.23476857, 45.36380274166667],
[-72.23476874333333, 45.363803258333334],
[-72.23476899833334, 45.363803706666666],
[-72.23476932666667, 45.36380416666667],
[-72.23476960333333, 45.363804593333334],
[-72.23476984333334, 45.363805041666666],
[-72.234770235, 45.36380552],
[-72.23477049666667, 45.36380601],
[-72.23477081666667, 45.36380651166667],
[-72.234771145, 45.363807013333336],
[-72.23477147666667, 45.36380748166667],
[-72.234771785, 45.363807935],
[-72.23477214333333, 45.36380838833333],
[-72.23477239833333, 45.363808836666664],
[-72.234772735, 45.36380931833333],
[-72.234773065, 45.36380978],
[-72.23477338333333, 45.36381023333333],
[-72.23477369166666, 45.36381076666667],
[-72.234774015, 45.36381127833333],
[-72.23477434333333, 45.36381181833333],
[-72.23477467833334, 45.36381235],
[-72.23477502833333, 45.36381280333333],
[-72.23477532166666, 45.36381330166667],
[-72.234775635, 45.36381374],
[-72.234775995, 45.363814258333335],
[-72.23477639833334, 45.363814735],
[-72.23477677666666, 45.363815196666664],
[-72.23477718833334, 45.363815728333336],
[-72.23477757, 45.363816275],
[-72.23477791833334, 45.363816803333336],
[-72.23477827166667, 45.363817338333334],
[-72.23477863166667, 45.36381780666667],
[-72.23477899, 45.363818325],
[-72.23477935833333, 45.36381886],
[-72.23477972666667, 45.36381939333333],
[-72.23478005833333, 45.363819916666664],
[-72.23478043333333, 45.36382039833333],
[-72.23478086, 45.363820888333336],
[-72.23478117333333, 45.36382141],
[-72.23478155833334, 45.36382196833333],
[-72.23478190833333, 45.363822515],
[-72.234782295, 45.36382305833333],
[-72.23478272166666, 45.363823585],
[-72.23478306333334, 45.363824135],
[-72.23478345166667, 45.36382463166667],
[-72.23478390333334, 45.36382514333334],
[-72.23478437666667, 45.36382572],
[-72.23478482, 45.363826376666665],
[-72.23478527833333, 45.363826851666666],
[-72.23478569, 45.36382743833333],
[-72.23478612666666, 45.36382803],
[-72.2347867, 45.363828706666666],
[-72.23478734833333, 45.363829445],
[-72.23478799166666, 45.363830375],
[-72.23478865166666, 45.36383143333333],
[-72.23478936333333, 45.36383257],
[-72.234790085, 45.36383383],
[-72.23479094833333, 45.36383508666667],
[-72.23479186333333, 45.36383624333333],
[-72.234792885, 45.36383732],
[-72.23479400833334, 45.363838415000004],
[-72.23479520333333, 45.36383934333333],
[-72.23479642, 45.36384017333334],
[-72.23479762, 45.363840905],
[-72.23479881333333, 45.36384151],
[-72.234799915, 45.363841988333334],
[-72.23480102333333, 45.36384234],
[-72.23480197, 45.363842585],
[-72.23480279833333, 45.363842695],
[-72.23480358166667, 45.363842733333335],
[-72.23480431166666, 45.36384265666667],
[-72.23480499333333, 45.363842525],
[-72.23480558, 45.36384238666667],
[-72.23480588333334, 45.363842313333336],
[-72.234805955, 45.36384231666667],
[-72.234806095, 45.36384223],
[-72.23480618833334, 45.363842086666665],
[-72.23480620166667, 45.36384194],
[-72.23480608666667, 45.36384189166667],
[-72.23480585166666, 45.36384184833334],
[-72.234805745, 45.36384168666667],
[-72.23480576, 45.363841585],
[-72.234805795, 45.36384155],
[-72.23480583, 45.363841475],
[-72.23480589, 45.363841351666665],
[-72.23480595166667, 45.363841156666666],
[-72.23480608833333, 45.36384092833333],
[-72.23480621333333, 45.363840625],
[-72.23480641, 45.363840188333334],
[-72.23480658166666, 45.363839705],
[-72.23480674166667, 45.36383913666667],
[-72.23480687833333, 45.36383850166666],
[-72.23480706, 45.36383776833333],
[-72.23480729, 45.363836973333335],
[-72.23480751333334, 45.36383614333333],
[-72.23480777333333, 45.363835198333334],
[-72.23480801166667, 45.36383429666667],
[-72.23480825333333, 45.36383330333334],
[-72.23480842, 45.363832241666664],
[-72.234808505, 45.363831178333335],
[-72.23480861333333, 45.363830138333334],
[-72.23480873333334, 45.36382906666667],
[-72.23480893, 45.36382798],
[-72.23480908833334, 45.36382690833333],
[-72.23480922166667, 45.36382575],
[-72.23480938166666, 45.363824656666665],
[-72.23480951833334, 45.363823501666666],
[-72.23480967666667, 45.36382231333333],
[-72.234809845, 45.363821135],
[-72.23480998333334, 45.363819916666664],
[-72.23481009833333, 45.36381869],
[-72.234810235, 45.36381746],
[-72.23481036333334, 45.36381614166667],
[-72.23481049333333, 45.363814825],
[-72.23481058333333, 45.36381346833333],
[-72.23481066333333, 45.36381213833333],
[-72.234810755, 45.36381076166667],
[-72.23481083, 45.36380941833333],
[-72.23481084333334, 45.363807996666665],
[-72.23481088666666, 45.36380655166667],
[-72.23481092833333, 45.36380515],
[-72.23481085833333, 45.363803786666665],
[-72.234810865, 45.363802463333336],
[-72.23481086, 45.36380123166666],
[-72.23481091833334, 45.36380004833333],
[-72.23481102333334, 45.36379901833333],
[-72.234811145, 45.363798026666664],
[-72.23481127833334, 45.36379708333333],
[-72.23481141333333, 45.36379620666666],
[-72.23481154666666, 45.36379536333333],
[-72.234811725, 45.36379453166667],
[-72.234811865, 45.36379373333333],
[-72.23481200333333, 45.36379296333333],
[-72.23481216333333, 45.36379226333333],
[-72.23481234166667, 45.36379153833333],
[-72.23481248333333, 45.363790906666665],
[-72.23481264166666, 45.36379015666667],
[-72.234812785, 45.36378930666667],
[-72.23481288166667, 45.363788325],
[-72.23481286666667, 45.363787306666666],
[-72.23481278, 45.363786233333336],
[-72.234812635, 45.36378516833334],
[-72.23481239333333, 45.363784091666666],
[-72.23481203666667, 45.363782996666664],
[-72.23481162166667, 45.36378199666667],
[-72.23481105333333, 45.363781026666665],
[-72.23481044833333, 45.36378009],
[-72.23480987333333, 45.36377915],
[-72.234809205, 45.36377825333334],
[-72.23480853, 45.363777315],
[-72.23480780166666, 45.363776386666665],
[-72.23480697666666, 45.36377548],
[-72.234806145, 45.363774541666665],
[-72.234805245, 45.36377357833334],
[-72.23480430166667, 45.363772653333335],
[-72.23480332333334, 45.363771693333334],
[-72.23480228, 45.36377084666667],
[-72.234801195, 45.36376995166667],
[-72.2348001, 45.36376906666667],
[-72.23479897166666, 45.36376818],
[-72.23479778833334, 45.363767313333334],
[-72.23479657166666, 45.36376642],
[-72.23479538666666, 45.363765635],
[-72.23479437166667, 45.36376485],
[-72.23479339166667, 45.363764145],
[-72.23479242833334, 45.36376349],
[-72.23479152, 45.363762881666666],
[-72.23479065166667, 45.36376231333333],
[-72.234789855, 45.36376180166667],
[-72.23478908833333, 45.363761313333335],
[-72.23478833666667, 45.36376085333333],
[-72.23478765666667, 45.363760416666665],
[-72.23478695833333, 45.363760023333334],
[-72.23478622, 45.36375962333334],
[-72.23478562666666, 45.363759271666666],
[-72.234785045, 45.363758923333336],
[-72.234784495, 45.363758595],
[-72.23478400166667, 45.36375831],
[-72.23478348833333, 45.363758051666665],
[-72.234782795, 45.36375783333333],
[-72.23478181333333, 45.36375765166667],
[-72.23478059666667, 45.363757625],
[-72.23477932, 45.363757791666664],
[-72.23477809166667, 45.363758233333336],
[-72.23477713, 45.363758875],
[-72.23477622333333, 45.36375945],
[-72.23477540833333, 45.36376002],
[-72.2347747, 45.36376063],
[-72.23477398833333, 45.36376131833333],
[-72.23477310166666, 45.363762015],
[-72.23477224333334, 45.36376276166666],
[-72.23477139166667, 45.363763506666665],
[-72.2347704, 45.363764295],
[-72.23476942833334, 45.36376511666667],
[-72.23476838166667, 45.36376598166667],
[-72.23476737333333, 45.36376691],
[-72.23476633333334, 45.363767865],
[-72.23476528166667, 45.36376887833333],
[-72.23476420166666, 45.36376991666667],
[-72.23476304666667, 45.36377099],
[-72.234761835, 45.36377208],
[-72.234760645, 45.36377321333333],
[-72.23475941, 45.36377437833333],
[-72.23475815333333, 45.363775535],
[-72.23475688833334, 45.36377675666667],
[-72.23475567, 45.363777965],
[-72.23475433166666, 45.363779146666666],
[-72.23475311666667, 45.36378037],
[-72.23475184166666, 45.363781618333334],
[-72.23475059333333, 45.363782918333335],
[-72.23474940333334, 45.36378428333333],
[-72.2347482, 45.363785676666666],
[-72.23474710833334, 45.363787135],
[-72.23474609666667, 45.363788675],
[-72.23474511166667, 45.36379017833333],
[-72.23474424, 45.36379163666667],
[-72.234743375, 45.36379312333333],
[-72.23474257333334, 45.363794586666664],
[-72.234741815, 45.36379615],
[-72.23474108333333, 45.36379775666666],
[-72.234740485, 45.36379932333333],
[-72.23473995666667, 45.36380086],
[-72.23473946166666, 45.36380240166667],
[-72.23473902666667, 45.363804026666664],
[-72.23473859, 45.363805641666666],
[-72.234738095, 45.36380745666666],
[-72.23473767666667, 45.36380917166667],
[-72.23473731833333, 45.36381091166667],
[-72.234736985, 45.36381264],
[-72.23473666166667, 45.363814381666664],
[-72.23473636, 45.36381607],
[-72.23473610333333, 45.363817858333334],
[-72.23473585833334, 45.36381961833333],
[-72.23473566333334, 45.363821431666665],
[-72.23473542166667, 45.36382320333333],
[-72.23473522, 45.36382501833333],
[-72.234734965, 45.36382681333333],
[-72.23473479166667, 45.36382858166667],
[-72.234734625, 45.36383039166667],
[-72.23473462333334, 45.363832175],
[-72.23473471333334, 45.363833938333336],
[-72.23473491166666, 45.363835716666664],
[-72.23473526333333, 45.36383751166667],
[-72.234735795, 45.36383918166667],
[-72.234736455, 45.363840763333336],
[-72.23473719666667, 45.36384225],
[-72.23473809, 45.363843585],
[-72.23473903, 45.363844795],
[-72.23474000833333, 45.36384590833333],
[-72.23474096833333, 45.36384685],
[-72.234741975, 45.363847703333334],
[-72.23474290666667, 45.363848428333334],
[-72.23474377666666, 45.36384905833334],
[-72.23474471666667, 45.363849486666666],
[-72.23474556333333, 45.363849818333335],
[-72.23474642, 45.363850165],
[-72.23474719, 45.36385041],
[-72.23474795166666, 45.363850576666664],
[-72.234748645, 45.363850655],
[-72.23474925333333, 45.36385073333334],
[-72.23474978333333, 45.36385073333334],
[-72.23475022833334, 45.363850695],
[-72.23475064666667, 45.36385061],
[-72.23475110333334, 45.36385051166667],
[-72.23475158666666, 45.363850475],
[-72.23475217333333, 45.36385050166667],
[-72.234752805, 45.363850453333335],
[-72.23475348166667, 45.363850371666665],
[-72.23475423166667, 45.36385021666667],
[-72.23475503, 45.363849985],
[-72.23475588166667, 45.363849705],
[-72.234756755, 45.36384932666667],
[-72.23475767166667, 45.36384887166667],
[-72.23475862666666, 45.36384835333333],
[-72.23475961, 45.363847791666664],
[-72.23476049166666, 45.363847255],
[-72.23476127833334, 45.363846726666665],
[-72.23476206333333, 45.363846173333336],
[-72.23476292833334, 45.36384551333333],
[-72.23476374833334, 45.36384484],
[-72.234764655, 45.363844185],
[-72.23476556, 45.36384347333333],
[-72.23476643333333, 45.363842676666664],
[-72.23476734333333, 45.36384184333333],
[-72.23476823666667, 45.363840976666665],
[-72.23476914, 45.363840073333336],
[-72.234770135, 45.36383915],
[-72.23477103666667, 45.36383823],
[-72.23477197666666, 45.36383721333333],
[-72.234772795, 45.36383622666666],
[-72.23477352, 45.363835225],
[-72.23477422166667, 45.36383423666667],
[-72.23477482666667, 45.36383326],
[-72.23477542333333, 45.36383239],
[-72.23477591833333, 45.363831625],
[-72.23477639, 45.36383094333333],
[-72.23477679166666, 45.36383025333333],
[-72.23477717, 45.36382960833333],
[-72.23477750333333, 45.363828995],
[-72.23477776666667, 45.36382846666667],
[-72.23477806166666, 45.363828031666664],
[-72.23477833833333, 45.36382766166667],
[-72.23477852166667, 45.36382731],
[-72.23477872, 45.363826958333334],
[-72.23477889333333, 45.36382663333333],
[-72.234778975, 45.363826356666664],
[-72.23477903333334, 45.36382611],
[-72.23477912666667, 45.363825775],
[-72.23477902166667, 45.36382513],
[-72.23477882166667, 45.363824183333335],
[-72.23477838, 45.363823185],
[-72.234777695, 45.36382221],
[-72.23477711333334, 45.36382140333333],
[-72.234776575, 45.363820741666665],
[-72.23477602, 45.363820115],
[-72.23477529166666, 45.363819291666665],
[-72.23477470666667, 45.363818475],
[-72.23477435, 45.36381773],
[-72.23477413, 45.36381696833333],
[-72.23477383833334, 45.36381608333333],
[-72.23477368, 45.363815205],
[-72.23477356, 45.36381448833333],
[-72.23477346833333, 45.36381388833333],
[-72.23477346, 45.36381338166667],
[-72.23477339833333, 45.36381296333333],
[-72.23477333333334, 45.36381264],
[-72.234773295, 45.36381234666667],
[-72.23477329, 45.36381209166667],
[-72.23477325, 45.36381190666667],
[-72.23477324333334, 45.36381171166666],
[-72.23477320666667, 45.36381153666667],
[-72.23477314333333, 45.363811373333334],
[-72.23477306, 45.36381126],
[-72.23477297666666, 45.36381115166667],
[-72.23477288, 45.363811086666665],
[-72.23477284333333, 45.36381100333333],
[-72.23477279666666, 45.363810963333336],
[-72.23477272666666, 45.363810951666665],
[-72.23477267666667, 45.36381094833333],
[-72.23477263, 45.36381097833333],
[-72.23477259666667, 45.36381101166667],
[-72.23477261333333, 45.363811051666666],
[-72.23477261166667, 45.363811113333334],
[-72.23477262666667, 45.363811215],
[-72.23477267833333, 45.36381132166667],
[-72.23477270666666, 45.363811481666666],
[-72.23477276166666, 45.36381165],
[-72.23477283833333, 45.363811821666665],
[-72.234772855, 45.36381204166667],
[-72.234772875, 45.363812288333335],
[-72.234772845, 45.363812556666666],
[-72.23477283, 45.36381279166667],
[-72.23477274166666, 45.36381301833333],
[-72.23477268833334, 45.363813225],
[-72.23477280833333, 45.36381327],
[-72.234772945, 45.363813191666665],
[-72.234773105, 45.363813003333334],
[-72.234773385, 45.36381268833333],
[-72.23477376666666, 45.36381231],
[-72.23477433333333, 45.363811813333335],
[-72.23477497666667, 45.363811221666666],
[-72.234775675, 45.363810533333336],
[-72.23477654166666, 45.363809708333335],
[-72.23477738166666, 45.36380886],
[-72.23477825833334, 45.3638079],
[-72.23477898666667, 45.36380684666667],
[-72.234779645, 45.363805815],
[-72.23478018666667, 45.363804853333335],
[-72.234780705, 45.36380397166667],
[-72.23478102333333, 45.36380318166667],
[-72.234781405, 45.363802461666666],
[-72.23478169833334, 45.36380183833333],
[-72.23478203333333, 45.36380119],
[-72.23478229166666, 45.36380065],
[-72.23478268166667, 45.36380007166667],
[-72.23478278666667, 45.36379959833333],
[-72.23478288, 45.36379917666667],
[-72.23478296166667, 45.36379883],
[-72.23478306, 45.363798475],
[-72.23478319666667, 45.36379813666667],
[-72.23478324666667, 45.36379781],
[-72.23478327666666, 45.36379753333333],
[-72.234783345, 45.363797295],
[-72.23478339, 45.363797078333334],
[-72.23478336833334, 45.363796918333335],
[-72.23478334666666, 45.363796725],
[-72.23478330333333, 45.36379657333333],
[-72.23478322833333, 45.36379654],
[-72.23478319333333, 45.36379648],
[-72.234783125, 45.363796441666665],
[-72.234783095, 45.3637964],
[-72.23478300333333, 45.36379635833333],
[-72.23478290666667, 45.363796325],
[-72.23478279, 45.363796305],
[-72.23478269, 45.36379632333333],
[-72.23478260666667, 45.36379633833333],
[-72.23478248, 45.363796406666665],
[-72.234782385, 45.36379645666667],
[-72.23478224166666, 45.36379650833333],
[-72.23478212833334, 45.36379655],
[-72.23478204, 45.363796601666664],
[-72.234781955, 45.36379665333333],
[-72.23478176666667, 45.36379677],
[-72.23478158333333, 45.36379689333333],
[-72.23478140166667, 45.36379702],
[-72.23478123166667, 45.363797155],
[-72.23478114166667, 45.36379723833333],
[-72.234781085, 45.36379742333333],
[-72.23478098, 45.36379750166667],
[-72.234780795, 45.36379761333333],
[-72.23478068166666, 45.36379765],
[-72.23478046666666, 45.36379789666667],
[-72.23478027, 45.36379813666667],
[-72.23478007, 45.36379833],
[-72.234779905, 45.36379857833333],
[-72.23477968833333, 45.363798806666665],
[-72.23477939666667, 45.363799033333336],
[-72.23477942333334, 45.36379924333333],
[-72.23477918833333, 45.363799451666665],
[-72.23477900333333, 45.36379977],
[-72.23477908, 45.36380011833333],
[-72.23477928, 45.363800526666665],
[-72.23477915, 45.36380079833334],
[-72.23477876833333, 45.36380098666667],
[-72.23477851833333, 45.36380114166667],
[-72.23477817666667, 45.363801431666666],
[-72.23477820333333, 45.363801745],
[-72.23477815, 45.36380202833333],
[-72.23477833666666, 45.36380249333333],
[-72.23477813, 45.3638028],
[-72.23477834, 45.363803211666664],
[-72.23477827666666, 45.363803553333334],
[-72.23477824, 45.36380384666667],
[-72.23477795833334, 45.36380406166667],
[-72.23477778833333, 45.363804316666666],
[-72.23477747333334, 45.36380448833334],
[-72.23477746833333, 45.363804773333335],
[-72.234777445, 45.36380516],
[-72.23477753166667, 45.363805621666664],
[-72.23477754666666, 45.36380591],
[-72.2347775, 45.363806198333336],
[-72.23477748166667, 45.363806535],
[-72.23477762, 45.363807066666666],
[-72.23477773, 45.36380744666667],
[-72.23477769, 45.363807701666666],
[-72.23477769333333, 45.36380801833333],
[-72.23477777166667, 45.36380830833333],
[-72.23477784833334, 45.363808516666666],
[-72.23477801333334, 45.363808785],
[-72.234777885, 45.36380903333333],
[-72.23477802333333, 45.363809255],
[-72.23477809, 45.363809581666665],
[-72.23477813833334, 45.363809875],
[-72.23477833, 45.363810171666664],
[-72.234778545, 45.36381046666666],
[-72.23477864166667, 45.363810773333334],
[-72.23477859666667, 45.36381107],
[-72.23477869, 45.363811416666664],
[-72.23477871833333, 45.36381172],
[-72.23477889333333, 45.363811965],
[-72.23477900666667, 45.36381221166667],
[-72.23477912333334, 45.36381249],
[-72.234779185, 45.363812771666666],
[-72.23477919833333, 45.36381311],
[-72.23477902833334, 45.36381334833333],
[-72.234778965, 45.36381367166667],
[-72.23477884666667, 45.36381393833334],
[-72.23477889666667, 45.363814301666665],
[-72.23477899833334, 45.36381463],
[-72.23477922, 45.363815063333334],
[-72.23477946333334, 45.36381524833333],
[-72.23477984833333, 45.36381541],
[-72.23477996, 45.36381574666667],
[-72.23478005666666, 45.36381605166667],
[-72.23478006833334, 45.363816351666664],
[-72.23478003333334, 45.363816665],
[-72.234780015, 45.36381693333333],
[-72.23478005, 45.36381716166667],
[-72.23478008, 45.36381745166667],
[-72.23478006, 45.36381771833334],
[-72.23478006666667, 45.363818038333335],
[-72.234780125, 45.363818325],
[-72.23478027, 45.363818531666666],
[-72.23478032166666, 45.36381873166667],
[-72.234780395, 45.363818998333336],
[-72.23478045666667, 45.363819255],
[-72.23478044666666, 45.36381952166667],
[-72.23478053166667, 45.36381977333333],
[-72.23478054833333, 45.36382006],
[-72.234780675, 45.36382035],
[-72.23478075, 45.363820651666664],
[-72.23478079, 45.363820925],
[-72.23478078833334, 45.363821181666665],
[-72.23478078333333, 45.36382143833333],
[-72.23478077333333, 45.36382167],
[-72.23478076166667, 45.36382193833333],
[-72.23478079666667, 45.363822221666666],
[-72.23478082, 45.36382252166667],
[-72.23478087833334, 45.36382280833333],
[-72.23478093833333, 45.363823105],
[-72.23478108166667, 45.36382341],
[-72.23478112333333, 45.36382373],
[-72.23478121666666, 45.363824036666664],
[-72.23478130333334, 45.363824308333335],
[-72.23478134166666, 45.36382459666667],
[-72.234781385, 45.363824855],
[-72.234781465, 45.36382521666667],
[-72.23478149833333, 45.363825698333336],
[-72.23478159666666, 45.36382628333333],
[-72.23478169, 45.36382696],
[-72.23478186833333, 45.363827683333334],
[-72.23478220833333, 45.36382836833333],
[-72.23478264, 45.363829055],
[-72.23478309833334, 45.36382975666667],
[-72.23478349, 45.363830505],
[-72.234783905, 45.363831325],
[-72.23478425833333, 45.36383224833333],
[-72.23478463, 45.36383321833333],
[-72.234785035, 45.363834235],
[-72.234785425, 45.363835306666665],
[-72.23478588, 45.36383635833333],
[-72.234786365, 45.363837483333334],
[-72.23478688166666, 45.3638387],
[-72.23478737, 45.363839973333334],
[-72.23478786833333, 45.36384126833333],
[-72.234788435, 45.363842631666664],
[-72.23478894833333, 45.363844058333335],
[-72.23478950833334, 45.36384551333333],
[-72.23479002666667, 45.36384701833333],
[-72.23479052166667, 45.363848515],
[-72.23479108, 45.363850113333335],
[-72.23479163833333, 45.36385168166667],
[-72.23479215666667, 45.36385328666667],
[-72.23479267333333, 45.36385499],
[-72.234793255, 45.363856653333336],
[-72.23479379, 45.363858326666666],
[-72.234794265, 45.363860045],
[-72.2347948, 45.36386172666667],
[-72.234795285, 45.36386331],
[-72.234795755, 45.363864793333335],
[-72.23479617333334, 45.36386612],
[-72.23479651333334, 45.363867498333335],
[-72.23479688166667, 45.363868833333335],
[-72.23479720333333, 45.36387003833333],
[-72.23479750833333, 45.363871185],
[-72.23479784666667, 45.36387226833333],
[-72.23479814166667, 45.363873301666665],
[-72.23479838, 45.36387434833333],
[-72.23479866, 45.36387534666667],
[-72.23479893833333, 45.363876366666666],
[-72.23479919, 45.363877331666664],
[-72.23479937333333, 45.363878316666664],
[-72.23479964, 45.36387922666667],
[-72.23479984333333, 45.36388013166667],
[-72.23480003666667, 45.363881025],
[-72.23480016166667, 45.36388189666667],
[-72.23480029333334, 45.363882715],
[-72.23480046, 45.36388349333333],
[-72.23480058166666, 45.36388428833333],
[-72.23480073, 45.363885055],
[-72.23480090166667, 45.363885796666665],
[-72.23480094166666, 45.36388657333333],
[-72.23480100166667, 45.363887248333334],
[-72.23480103, 45.363888028333335],
[-72.23480092833333, 45.363888806666665],
[-72.23480095166667, 45.36388957166667],
[-72.2348009, 45.36389033166667],
[-72.23480083666666, 45.363891128333336],
[-72.23480079166667, 45.363891855],
[-72.23480080333333, 45.363892541666665],
[-72.234800715, 45.363893225],
[-72.23480067333334, 45.36389389666667],
[-72.23480058666667, 45.36389457833333],
[-72.23480048833333, 45.36389526],
[-72.23480045, 45.36389593166667],
[-72.23480042166666, 45.36389657],
[-72.23480037833333, 45.36389720166667],
[-72.23480028, 45.36389783333333],
[-72.23480018833334, 45.36389844],
[-72.23501163833333, 45.363819406666664],
[-72.23501183, 45.363819576666664],
[-72.23501201666667, 45.36381977],
[-72.23501223666666, 45.363819946666666],
[-72.23501244333333, 45.36382015],
[-72.23501263833333, 45.36382036166667]
,[-72.23507471833334, 45.363865725],
[-72.23507500833334, 45.36386596],
[-72.23507524, 45.363866183333336],
[-72.23507545666666, 45.363866385],
[-72.23507565666667, 45.363866591666664],
[-72.23507592, 45.363866808333334],
[-72.23507623, 45.363867068333334],
[-72.23507658666666, 45.36386731666666],
[-72.235076925, 45.36386751166667],
[-72.23507723333333, 45.3638677],
[-72.23507756166667, 45.363867883333334],
[-72.23507795333333, 45.36386806666667],
[-72.23507834833333, 45.36386827],
[-72.23507872666667, 45.3638685],
[-72.23507904833333, 45.363868735],
[-72.23507938333333, 45.36386897333333],
[-72.23507970333333, 45.363869191666666],
[-72.23508001166667, 45.363869415],
[-72.23508032166667, 45.36386964333333],
[-72.23508060333333, 45.36386983333333],
[-72.235080905, 45.363869988333335],
[-72.23508123166667, 45.36387015333333],
[-72.23508158166666, 45.363870315],
[-72.23508191833334, 45.363870483333336],
[-72.235082265, 45.36387066166667],
[-72.23508261, 45.36387086],
[-72.23508294166666, 45.36387104333333],
[-72.23508330666667, 45.36387121333333],
[-72.23508362333334, 45.363871376666665],
[-72.23508397, 45.36387155],
[-72.23508432166666, 45.363871743333334],
[-72.235084655, 45.363871915],
[-72.23508498833333, 45.3638721],
[-72.235085335, 45.363872328333336],
[-72.235085675, 45.363872556666664],
[-72.23508599166666, 45.36387276],
[-72.23508629166666, 45.36387293],
[-72.23508666, 45.36387310166667],
[-72.23508700833334, 45.363873311666666],
[-72.23508744166666, 45.363873465],
[-72.23508776666667, 45.363873696666666],
[-72.23508822, 45.363873875],
[-72.23508863, 45.363874025],
[-72.23508910666666, 45.3638742],
[-72.23508952666667, 45.363874345],
[-72.23508993833333, 45.363874501666665],
[-72.235090385, 45.36387465333333],
[-72.23509074, 45.363874915],
[-72.23509126333333, 45.363875031666666],
[-72.23509179, 45.363875203333336],
[-72.23509226333333, 45.36387539333333],
[-72.23509268, 45.363875578333335],
[-72.235093195, 45.363875758333336],
[-72.235093625, 45.363875963333335],
[-72.23509403333334, 45.363876096666665],
[-72.23509438166667, 45.36387619833334],
[-72.23509478, 45.363876345],
[-72.235095265, 45.36387647],
[-72.23509577333333, 45.36387661333333],
[-72.23509618333334, 45.363876776666665],
[-72.235096595, 45.363876903333335],
[-72.23509704166666, 45.36387706666667],
[-72.23509747166666, 45.363877265],
[-72.23509793, 45.363877455],
[-72.235098405, 45.363877648333336],
[-72.23509890833333, 45.363877805],
[-72.23509936666666, 45.36387796333333],
[-72.23509979833334, 45.363878121666666],
[-72.23510026, 45.36387826166666],
[-72.23510075, 45.36387841333333],
[-72.23510120833333, 45.36387856],
[-72.23510169666666, 45.363878705],
[-72.23510215, 45.36387885833334],
[-72.235102585, 45.363879061666665],
[-72.23510304333334, 45.36387924666667],
[-72.23510349166666, 45.363879456666666],
[-72.23510392333333, 45.36387965],
[-72.23510436833334, 45.363879835],
[-72.23510479333333, 45.36388001],
[-72.23510527, 45.36388019],
[-72.23510572833334, 45.36388032166667],
[-72.235106145, 45.36388047],
[-72.23510657166666, 45.363880658333336],
[-72.23510702833333, 45.363880865],
[-72.23510754, 45.36388108166667],
[-72.23510807666666, 45.363881315],
[-72.23510863833333, 45.36388152333333],
[-72.23510918166667, 45.36388172666667],
[-72.23510968666666, 45.363881928333335],
[-72.23511017833333, 45.363882143333335],
[-72.23511068833334, 45.36388238333333],
[-72.23511122333333, 45.363882605],
[-72.23511180166666, 45.36388283666667],
[-72.23511237, 45.36388306833334],
[-72.23511291333334, 45.36388328333334],
[-72.23511341666666, 45.36388345833333],
[-72.23511389833334, 45.363883605],
[-72.235114365, 45.36388378],
[-72.23511483166666, 45.363883955],
[-72.23511528333333, 45.36388416],
[-72.23511572166667, 45.363884348333336],
[-72.23511618333333, 45.363884541666664],
[-72.23511670333333, 45.363884696666666],
[-72.23511718666667, 45.36388487166667],
[-72.23511762, 45.363885051666664],
[-72.23511807333334, 45.36388522],
[-72.23511853666666, 45.36388539],
[-72.23511902, 45.36388559833333],
[-72.23511949833333, 45.36388579],
[-72.23512, 45.363885986666666],
[-72.23512052333334, 45.363886193333336],
[-72.23512102833334, 45.363886395],
[-72.235121505, 45.363886603333334],
[-72.23512199666666, 45.36388683166667],
[-72.235122425, 45.363887055],
[-72.23512285, 45.36388729666667],
[-72.23512321666666, 45.36388754],
[-72.235123585, 45.363887786666666],
[-72.23512404, 45.36388801333333],
[-72.23512457833333, 45.36388824833333],
[-72.23512510333333, 45.363888493333334],
[-72.23512557, 45.363888725],
[-72.23512600833334, 45.36388895],
[-72.235126415, 45.363889145],
[-72.235126795, 45.363889345],
[-72.23512717, 45.36388955333334],
[-72.23512756, 45.363889795],
[-72.23512797, 45.363890051666665],
[-72.23512836166667, 45.363890293333334],
[-72.23512873, 45.363890508333334],
[-72.23512906666667, 45.363890705],
[-72.23512946166667, 45.363890903333335],
[-72.23512990666667, 45.363891118333335],
[-72.23513031, 45.363891335],
[-72.23513065333333, 45.36389157],
[-72.235130995, 45.363891816666666],
[-72.23513136, 45.36389206166667],
[-72.235131765, 45.36389232],
[-72.23513217666667, 45.36389256],
[-72.23513263, 45.363892811666666],
[-72.235133055, 45.36389308166667],
[-72.23513347666666, 45.36389333],
[-72.23513385666666, 45.36389354166667],
[-72.23513423166666, 45.363893786666665],
[-72.23513462333334, 45.363894035],
[-72.235134985, 45.36389427833333],
[-72.23513531666667, 45.363894511666665],
[-72.23513566333334, 45.363894765],
[-72.23513596666666, 45.363895041666666],
[-72.23513628666667, 45.36389533333333],
[-72.23513661, 45.36389563833333],
[-72.23513691666666, 45.363895928333335],
[-72.23513723833334, 45.36389618333333],
[-72.23513756333334, 45.363896438333335],
[-72.23513790833333, 45.363896665],
[-72.23513828333333, 45.363896885],
[-72.23513864333333, 45.36389714333333],
[-72.23513901166666, 45.36389739166667],
[-72.235139405, 45.363897655],
[-72.23513982, 45.363897906666665],
[-72.23514021833333, 45.36389818333333],
[-72.23514064, 45.36389843],
[-72.23514101, 45.36389872],
[-72.23514136666667, 45.36389904],
[-72.23514172833333, 45.36389937333333],
[-72.23514206, 45.363899708333335],
[-72.235142415, 45.36390007166667],
[-72.23514279166666, 45.36390042833333],
[-72.23514323166667, 45.36390083166667],
[-72.23514360666667, 45.3639012],
[-72.23514395666666, 45.36390154833333],
[-72.23514429166667, 45.363901868333336],
[-72.23514465166667, 45.363902206666666],
[-72.23514502166667, 45.363902538333335],
[-72.23514535833333, 45.36390285],
[-72.23514568333333, 45.36390317],
[-72.23514602833333, 45.36390348166667],
[-72.23514639333334, 45.36390379],
[-72.23514677666667, 45.363904135],
[-72.23514719166667, 45.363904435],
[-72.23514757333334, 45.36390471666667],
[-72.23514786166666, 45.363904991666665],
[-72.235148165, 45.36390525666667],
[-72.23514849833333, 45.36390552666667],
[-72.23514879833333, 45.363905808333335],
[-72.23514912166667, 45.36390609833333],
[-72.23514946333333, 45.36390634833333],
[-72.23514979833334, 45.363906595],
[-72.23515016, 45.36390685333333],
[-72.23515049833334, 45.363907108333336],
[-72.23515084, 45.363907365],
[-72.23515117166667, 45.363907653333335],
[-72.23515148333334, 45.363907923333336],
[-72.23515180833333, 45.363908198333334],
[-72.235152145, 45.36390849],
[-72.23515250166666, 45.363908795],
[-72.235152815, 45.36390908833334],
[-72.23515315666667, 45.36390935666667],
[-72.235153505, 45.36390961833333],
[-72.23515387166667, 45.363909916666664],
[-72.235154255, 45.363910215],
[-72.23515464, 45.36391052333333],
[-72.23515504666666, 45.36391087166667],
[-72.23515545833334, 45.36391121333333],
[-72.23515582333333, 45.36391150833333],
[-72.23515616833333, 45.36391182],
[-72.23515652166667, 45.36391210166666],
[-72.235156915, 45.36391238833333],
[-72.23515731833334, 45.36391264666667],
[-72.23515773833333, 45.363912885],
[-72.23515811166666, 45.36391310333333],
[-72.23515843833333, 45.363913333333336],
[-72.23515883333333, 45.36391351],
[-72.23515921, 45.363913765],
[-72.235159605, 45.363914011666665],
[-72.23515994833333, 45.363914263333335],
[-72.23516024166666, 45.36391452833333],
[-72.23516055, 45.363914765],
[-72.23516094, 45.36391503],
[-72.23516134666667, 45.363915311666666],
[-72.23516170333333, 45.36391555833333],
[-72.23516205166666, 45.363915735],
[-72.23516240166667, 45.36391591],
[-72.23516276833334, 45.36391610333333],
[-72.23516317666666, 45.363916296666666],
[-72.23516357, 45.36391649666667],
[-72.235163955, 45.363916715],
[-72.23516430833334, 45.36391695166667],
[-72.23516463166666, 45.36391719],
[-72.235165005, 45.36391743666667],
[-72.23516539166667, 45.36391767666667],
[-72.23516563, 45.36391794833333],
[-72.23516598833334, 45.363918211666665],
[-72.23516632666667, 45.36391845],
[-72.23516672833334, 45.36391862166667],
[-72.23516706333334, 45.36391881666667],
[-72.235167395, 45.363919036666665],
[-72.23516778333334, 45.36391924666667],
[-72.235168195, 45.36391944333333],
[-72.23516862166667, 45.363919638333336],
[-72.23516902833333, 45.36391982833333],
[-72.23516932, 45.363920025],
[-72.23516967833334, 45.3639202],
[-72.23517007166667, 45.363920375],
[-72.23517049333333, 45.36392051833333],
[-72.23517089166667, 45.36392070833333],
[-72.23517128, 45.363920861666664],
[-72.23517165833333, 45.36392104833333],
[-72.235172005, 45.36392124],
[-72.235172365, 45.36392144],
[-72.235172795, 45.36392163666667],
[-72.23517321, 45.36392185166667],
[-72.23517362, 45.363922083333335],
[-72.235174, 45.3639223],
[-72.23517438166667, 45.36392252666667],
[-72.23517476833334, 45.363922755],
[-72.23517518166666, 45.36392300333333],
[-72.23517561166666, 45.36392321666667],
[-72.23517606, 45.36392341166667],
[-72.235176535, 45.363923598333336],
[-72.23517694333333, 45.36392374],
[-72.23517737, 45.363923881666665],
[-72.23517779, 45.363924045],
[-72.23517822333334, 45.363924231666665],
[-72.235178685, 45.363924415],
[-72.23517913333333, 45.36392462],
[-72.23517953166666, 45.36392482],
[-72.23517990833334, 45.36392501833333],
[-72.23518027333333, 45.36392522333333],
[-72.23518062333333, 45.363925458333334],
[-72.235180975, 45.36392567666667],
[-72.23518128666667, 45.363925895],
[-72.23518160333333, 45.363926113333335],
[-72.23518194833333, 45.363926316666664],
[-72.23518230166667, 45.363926535],
[-72.23518272166666, 45.36392673833333],
[-72.23518313833333, 45.363926925],
[-72.23518351333334, 45.36392710333333],
[-72.23518390333334, 45.36392727],
[-72.235184315, 45.363927456666666],
[-72.23518476666666, 45.363927643333334],
[-72.235185225, 45.3639278],
[-72.23518564666666, 45.36392794333333],
[-72.23518609166666, 45.36392806833334],
[-72.23518654, 45.36392815666667],
[-72.23518694, 45.36392825666667],
[-72.23518728333333, 45.363928395],
[-72.23518762833334, 45.363928575],
[-72.23518800666666, 45.36392875833333],
[-72.23518839666667, 45.36392893833333],
[-72.23518875333333, 45.36392911666667],
[-72.235189145, 45.363929266666666],
[-72.23518958, 45.36392943333333],
[-72.23519000166667, 45.363929623333334],
[-72.23519043, 45.363929821666666],
[-72.235190815, 45.363929975],
[-72.23519121666666, 45.36393013],
[-72.23519156333333, 45.363930295],
[-72.23519193833333, 45.36393044333333],
[-72.23519234, 45.363930605],
[-72.23519273166667, 45.363930796666665],
[-72.23519312166667, 45.36393098166667],
[-72.23519354833333, 45.36393114],
[-72.23519397166666, 45.36393128],
[-72.23519440166666, 45.36393142666667],
[-72.23519485, 45.36393159666667],
[-72.235195295, 45.363931791666666],
[-72.23519574166667, 45.363932],
[-72.23519618, 45.363932176666665],
[-72.23519663, 45.363932338333335],
[-72.23519710333333, 45.363932495],
[-72.23519744333333, 45.3639326],
[-72.23519790833333, 45.36393275166667],
[-72.23519834, 45.363932875],
[-72.235198745, 45.363933038333336],
[-72.23519912666667, 45.363933235],
[-72.23519950166667, 45.363933445],
[-72.23519985, 45.363933625],
[-72.23520019166666, 45.36393374166666],
[-72.23520058166666, 45.36393388166667],
[-72.235201255, 45.363933933333335],
[-72.23520214333334, 45.36393389333333],
[-72.23520300333334, 45.363933755],
[-72.235203835, 45.36393352166667],
[-72.23520463666667, 45.363933175],
[-72.23520535166666, 45.363932805],
[-72.23520591, 45.363932395],
[-72.23520631333334, 45.36393195],
[-72.23520664166666, 45.363931531666665],
[-72.23520688833334, 45.36393114],
[-72.23520722166667, 45.363930595],
[-72.23520767166667, 45.363930008333334],
[-72.23520809666667, 45.36392930666667],
[-72.23520847666667, 45.363928478333335],
[-72.23520886333333, 45.363927548333336],
[-72.23520921166667, 45.36392651333333],
[-72.235209545, 45.363925395],
[-72.235209815, 45.36392419166667],
[-72.23521012833334, 45.36392291],
[-72.23521042166666, 45.36392154],
[-72.23521057166667, 45.36392010833333],
[-72.23521069, 45.36391859],
[-72.23521074833333, 45.36391699666667],
[-72.23521075166667, 45.363915395],
[-72.235210695, 45.363913763333336],
[-72.23521056833333, 45.363912105],
[-72.23521041, 45.363910383333334],
[-72.23521022666667, 45.36390863166667],
[-72.23521001833333, 45.36390688833333],
[-72.23520977666666, 45.36390509333334],
[-72.23520949, 45.363903285],
[-72.235209125, 45.363901393333336],
[-72.235208715, 45.36389949666667],
[-72.23520822666667, 45.36389765],
[-72.23520763666667, 45.363895803333335],
[-72.23520700666667, 45.36389392833333],
[-72.23520629833334, 45.36389203],
[-72.2352055, 45.36389013666667],
[-72.23520467666667, 45.36388827333333],
[-72.23520380833334, 45.36388645666667],
[-72.23520290833333, 45.363884606666666],
[-72.23520186666667, 45.36388279166667],
[-72.23520070833334, 45.36388092333333],
[-72.235199585, 45.363879188333335],
[-72.235198315, 45.363877505],
[-72.23519703666666, 45.36387577833333],
[-72.23519558833334, 45.363874106666664],
[-72.23519402666666, 45.363872498333336],
[-72.23519241333334, 45.363871018333334],
[-72.23519075333333, 45.36386972166667],
[-72.23518928666667, 45.363868581666665],
[-72.235187915, 45.36386755833333],
[-72.23518661333334, 45.363866715],
[-72.23518536, 45.36386596166667],
[-72.23518413666666, 45.36386534333333],
[-72.23518298666667, 45.363864783333334],
[-72.235181885, 45.363864285],
[-72.23518078, 45.36386388166667],
[-72.23517972166667, 45.363863558333335],
[-72.23517870833334, 45.363863295],
[-72.23517772666666, 45.363863108333334],
[-72.235176775, 45.363862958333335],
[-72.23517581166666, 45.36386284833333],
[-72.23517490833333, 45.36386277166667],
[-72.23517400333333, 45.363862745],
[-72.23517309833333, 45.36386275833333],
[-72.23517227166667, 45.36386280833333],
[-72.235171465, 45.36386289166666],
[-72.23517070333334, 45.36386304],
[-72.23516999166667, 45.36386320333333],
[-72.235169315, 45.363863411666664],
[-72.23516868666667, 45.36386361833333],
[-72.23516808166667, 45.36386381],
[-72.23516755666667, 45.36386398333333],
[-72.23516702666667, 45.36386417166667],
[-72.235166535, 45.36386432166667],
[-72.23516606333334, 45.36386452666667],
[-72.23516559666666, 45.363864766666666],
[-72.23516515666667, 45.363865],
[-72.23516473666666, 45.363865268333335],
[-72.23516425833333, 45.36386557666667],
[-72.23516362833334, 45.363866],
[-72.23516283166667, 45.36386652],
[-72.23516192833333, 45.363867075],
[-72.23516093833334, 45.36386773666667],
[-72.23515987166667, 45.363868305],
[-72.23515885, 45.36386881833333],
[-72.235157835, 45.36386929],
[-72.23515679166667, 45.36386976666667],
[-72.23515585166666, 45.363870221666666],
[-72.23515496166667, 45.363870655],
[-72.235154145, 45.363871053333334],
[-72.23515336333334, 45.363871438333334],
[-72.23515267, 45.363871805],
[-72.23515202166666, 45.363872195],
[-72.23515138333333, 45.363872556666664],
[-72.235150835, 45.363872836666665],
[-72.235150225, 45.3638731],
[-72.23514961, 45.363873445],
[-72.23514907333333, 45.36387378166667],
[-72.23514859833334, 45.363874065],
[-72.23514814166667, 45.36387435333334],
[-72.23514769666667, 45.363874626666664],
[-72.23514722, 45.363874875],
[-72.23514675666667, 45.363875148333335],
[-72.23514627666667, 45.363875398333334],
[-72.235145835, 45.363875658333335],
[-72.23514539166666, 45.363875881666665],
[-72.23514495666667, 45.36387609],
[-72.23514450833333, 45.363876313333336],
[-72.23514409, 45.363876563333335],
[-72.23514373, 45.363876785],
[-72.235143365, 45.36387701833333],
[-72.23514303333333, 45.363877225],
[-72.235142725, 45.36387745166667],
[-72.23514243666666, 45.36387765833334],
[-72.23514210333333, 45.36387785666667],
[-72.235141805, 45.363878076666666],
[-72.23514149666667, 45.363878316666664],
[-72.235141195, 45.36387859],
[-72.23514090166667, 45.36387881666667],
[-72.235140635, 45.363879008333335],
[-72.235140365, 45.36387919166667],
[-72.23514013666667, 45.36387938166666],
[-72.23513987, 45.363879563333334],
[-72.23513959666667, 45.363879755],
[-72.23513933166667, 45.36387991],
[-72.23513907666667, 45.363880095],
[-72.23513882833333, 45.36388023333333],
[-72.23513857166667, 45.36388036],
[-72.23513833333334, 45.36388044],
[-72.23513815166666, 45.363880503333334],
[-72.23513795666666, 45.363880593333334],
[-72.23513774833333, 45.36388071333333],
[-72.23513757166667, 45.36388084833333],
[-72.23513739, 45.36388097166667],
[-72.23513722, 45.36388108333333],
[-72.23513701666667, 45.363881165],
[-72.23513683333333, 45.363881273333334],
[-72.23513665, 45.363881405],
[-72.23513645833333, 45.363881525],
[-72.23513629, 45.36388165],
[-72.23513609333334, 45.363881748333334],
[-72.23513595666667, 45.36388183],
[-72.23513579, 45.36388192166667],
[-72.235135665, 45.363882073333336],
[-72.23513557, 45.363882198333336],
[-72.23513546166667, 45.36388231],
[-72.23513534833333, 45.363882391666664],
[-72.23513522166667, 45.36388250666667],
[-72.235135175, 45.36388261166667],
[-72.235135115, 45.363882741666664],
[-72.23513499, 45.36388287166667],
[-72.23513486833333, 45.36388299833333],
[-72.23513471166666, 45.36388316],
[-72.23513467666666, 45.363883265],
[-72.23513439833333, 45.36388328],
[-72.23513377166667, 45.36388324],
[-72.235132985, 45.36388317833333],
[-72.23513207833334, 45.36388306333333],
[-72.23513096833334, 45.36388298],
[-72.235129855, 45.36388299833333],
[-72.23512871833333, 45.363883055],
[-72.23512762666667, 45.363883225],
[-72.23512667333334, 45.363883485],
[-72.23512588666667, 45.36388383833334],
[-72.23512519333333, 45.36388427833333],
[-72.23512478, 45.363884821666666],
[-72.23512457, 45.363885365]
