              precision    recall  f1-score   support

           0       0.97      0.99      0.98       311
           1       0.98      0.99      0.99       112
           3       0.99      0.99      0.99       488
           5       1.00      0.99      0.99       674
          19       0.99      0.94      0.97       104
          20       0.91      0.97      0.94       239
          23       0.93      0.85      0.89       139

    accuracy                           0.98      2067
   macro avg       0.97      0.96      0.96      2067
weighted avg       0.98      0.98      0.98      2067
